DATE,CLOSE/LAST,VOLUME,OPEN,HIGH,LOW,1_DAY_RETURN,5_DAY_ROLLING_VOLATILITY
2024-05-03,406.66,17446720,402.28,407.15,401.86,,
2024-05-02,397.84,17709360,397.66,399.93,394.6515,-0.02168888014557624,
2024-05-01,394.94,23562480,392.61,401.7199,390.31,-0.007289362557812096,
2024-04-30,389.33,28781370,401.49,402.16,389.17,-0.014204689319896713,
2024-04-29,402.25,19582090,405.25,406.32,399.19,0.033185215626846176,
2024-04-26,406.32,29694650,412.17,413.0,405.7601,0.010118085767557572,0.02195988857659584
2024-04-25,399.04,40586450,394.03,399.8899,388.03,-0.01791691277810581,0.021074438945170547
2024-04-24,409.06,15065330,409.56,412.47,406.78,0.025110264635124224,0.022877539306148657
2024-04-23,407.57,15734500,404.235,408.2,403.06,-0.00364249743313938,0.02079291197383011
2024-04-22,400.96,20286880,400.08,402.85,395.75,-0.016218072969060526,0.018227114938605068
2024-04-19,399.12,30565790,404.03,405.48,397.77,-0.004588986432561781,0.01724339225874565
2024-04-18,404.27,21029920,410.63,411.89,403.95,0.012903387452395165,0.016260214763694367
2024-04-17,411.84,15855490,417.25,418.88,410.33,0.01872510945655126,0.014178964795138799
2024-04-16,414.58,16765620,414.57,418.4,413.7301,0.006653069153069069,0.014003601963112525
2024-04-15,413.64,20273540,426.6,426.82,413.43,-0.0022673549134063498,0.00987523678390476
2024-04-12,421.9,19253750,424.05,425.1794,419.77,0.01996905521709702,0.009198767621726148
2024-04-11,427.93,17966420,425.82,429.37,422.36,0.01429248637117797,0.009283784585031887
2024-04-10,423.26,16216580,422.19,424.03,419.7,-0.010912999789685296,0.01242676881980235
2024-04-09,426.28,12512290,426.44,427.74,421.62,0.007135094268298392,0.012439359523683639
2024-04-08,424.59,14272390,425.17,427.28,423.3,-0.003964530355634821,0.012728966719227233
2024-04-05,425.52,16554760,420.01,426.51,418.32,0.002190348336041925,0.009740566124836496
2024-04-04,417.88,19370880,424.99,428.67,417.57,-0.01795450272607635,0.010029587134388413
2024-04-03,420.45,16502260,419.73,423.26,419.085,0.006150090935196584,0.010287234156629832
2024-04-02,421.44,17911990,420.11,422.38,417.84,0.0023546200499464653,0.009500679339000385
2024-04-01,424.57,16315960,423.95,427.89,422.22,0.007426917236142749,0.010316045005237771
2024-03-28,420.72,21871160,420.96,421.87,419.12,-0.00906799820995352,0.010937529678642971
2024-03-27,421.43,16704980,424.44,424.45,419.01,0.0016875831907205985,0.006499592926469341
2024-03-26,421.65,16725650,425.61,425.99,421.35,0.0005220321287044971,0.006007150218547667
2024-03-25,422.86,18060450,425.24,427.41,421.61,0.0028696786434248,0.006049358220963722
2024-03-22,428.74,17648470,429.7,429.86,426.07,0.013905311450598257,0.008174257894049302
2024-03-21,429.37,21296220,429.83,430.82,427.16,0.0014694220273359093,0.005549751120735504
2024-03-20,425.23,17860090,422.0,425.96,420.66,-0.00964203367724803,0.0083717127946647
2024-03-19,421.41,19837920,417.83,421.6656,415.55,-0.008983373703642772,0.0097132992361506
2024-03-18,417.32,20105980,414.25,420.73,413.78,-0.009705512446311237,0.010365943312925691
2024-03-15,416.42,45079900,419.29,422.6,412.79,-0.0021566184223137386,0.005154288958602407
2024-03-14,425.22,34157300,420.24,427.82,417.99,0.02113251044618414,0.013243842721386706
2024-03-13,415.1,17115930,418.1,418.18,411.45,-0.023799444993179986,0.016446721550497014
2024-03-12,415.28,22457000,407.62,415.57,406.79,0.00043363045049371607,0.016372968061738352
2024-03-11,404.52,16120750,403.762,405.68,401.26,-0.025910229242920413,0.019400745850304168
2024-03-08,406.22,18002190,407.96,410.42,404.33,0.004202511618708771,0.019922043031707422
2024-03-07,409.14,18718480,406.12,409.78,402.24,0.007188223130323301,0.015970393892207446
2024-03-06,402.09,22344150,402.97,405.16,398.39,-0.017231265581463595,0.014505375403758755
2024-03-05,402.65,26919180,413.96,414.25,400.64,0.0013927230222090525,0.014621950479577858
2024-03-04,414.92,17595960,413.44,417.35,412.32,0.03047311560908983,0.01703918493027188
2024-03-01,415.5,17823450,411.27,415.87,410.88,0.0013978598284005717,0.017126381379746286
2024-02-29,413.64,31947260,408.64,414.2,405.92,-0.0044765342960289,0.017483939622374912
2024-02-28,407.72,13183130,408.175,409.3,405.3201,-0.01431196209264085,0.016699324744482068
2024-02-27,407.48,14835830,407.99,408.32,403.85,-0.0005886392622388437,0.016767257489881997
2024-02-26,407.54,16193510,411.455,412.16,407.36,0.00014724649062536344,0.006395262974186305
2024-02-23,410.34,16295880,415.67,415.86,408.97,0.006870491240123622,0.007776446850033889
2024-02-22,411.65,27009870,410.19,412.83,408.57,0.0031924745333138382,0.008034239699764079
2024-02-21,402.18,18631070,400.17,402.29,397.22,-0.023004979958702765,0.011738501903800932
2024-02-20,402.79,24307920,403.24,404.49,398.01,0.0015167338007857634,0.011869161719304895
2024-02-16,404.06,22296500,407.96,408.29,403.44,0.0031530077707986326,0.012095252033473091
2024-02-15,406.56,21825530,408.14,409.13,404.29,0.006187199920803854,0.011978146285629071
2024-02-14,409.49,20401190,408.07,409.84,404.57,0.007206808343172,0.012518061158329558
2024-02-13,406.32,27824940,404.94,410.071,403.39,-0.007741336784781061,0.0059388408329739744
2024-02-12,415.26,21202920,420.555,420.74,414.75,0.02200236266981692,0.010657933151424392
2024-02-09,420.55,22032840,415.25,420.82,415.09,0.012739006887251492,0.010842029028857373
2024-02-08,414.11,21225260,414.05,415.56,412.53,-0.015313280228272497,0.01517692215164397
2024-02-07,414.05,22340530,407.44,414.3,407.4,-0.0001448890391442248,0.015117780725798106
2024-02-06,405.49,18382620,405.88,407.97,402.91,-0.020673831662842646,0.018082618368278375
2024-02-05,405.65,25352290,409.9,411.16,403.99,0.0003945843300696694,0.013403147794538453
